-4.444444e-05 -4.444444e-05 -2.133333e-05 4.590699e+10
-3.333333e-05 -4.444444e-05 -2.133333e-05 2.358876e+11
-2.222222e-05 -4.444444e-05 -2.133333e-05 2.928908e+11
-1.111111e-05 -4.444444e-05 -2.133333e-05 1.623837e+11
0.000000e+00 -4.444444e-05 -2.133333e-05 6.449213e+10
1.111111e-05 -4.444444e-05 -2.133333e-05 1.621397e+11
2.222222e-05 -4.444444e-05 -2.133333e-05 2.992612e+11
3.333333e-05 -4.444444e-05 -2.133333e-05 2.338054e+11
4.444444e-05 -4.444444e-05 -2.133333e-05 4.592754e+10
-4.444444e-05 -3.333333e-05 -2.133333e-05 2.338131e+11
-3.333333e-05 -3.333333e-05 -2.133333e-05 1.726068e+11
-2.222222e-05 -3.333333e-05 -2.133333e-05 1.627458e+11
-1.111111e-05 -3.333333e-05 -2.133333e-05 3.234860e+11
0.000000e+00 -3.333333e-05 -2.133333e-05 3.208728e+11
1.111111e-05 -3.333333e-05 -2.133333e-05 3.229870e+11
2.222222e-05 -3.333333e-05 -2.133333e-05 1.629683e+11
3.333333e-05 -3.333333e-05 -2.133333e-05 1.726183e+11
4.444444e-05 -3.333333e-05 -2.133333e-05 2.360543e+11
-4.444444e-05 -2.222222e-05 -2.133333e-05 2.992598e+11
-3.333333e-05 -2.222222e-05 -2.133333e-05 1.629675e+11
-2.222222e-05 -2.222222e-05 -2.133333e-05 1.555074e+11
-1.111111e-05 -2.222222e-05 -2.133333e-05 2.906185e+11
0.000000e+00 -2.222222e-05 -2.133333e-05 5.034728e+11
1.111111e-05 -2.222222e-05 -2.133333e-05 2.904972e+11
2.222222e-05 -2.222222e-05 -2.133333e-05 1.555171e+11
3.333333e-05 -2.222222e-05 -2.133333e-05 1.627650e+11
4.444444e-05 -2.222222e-05 -2.133333e-05 2.929709e+11
-4.444444e-05 -1.111111e-05 -2.133333e-05 1.621427e+11
-3.333333e-05 -1.111111e-05 -2.133333e-05 3.229957e+11
-2.222222e-05 -1.111111e-05 -2.133333e-05 2.904941e+11
-1.111111e-05 -1.111111e-05 -2.133333e-05 4.437842e+11
0.000000e+00 -1.111111e-05 -2.133333e-05 1.251165e+11
1.111111e-05 -1.111111e-05 -2.133333e-05 4.437591e+11
2.222222e-05 -1.111111e-05 -2.133333e-05 2.906930e+11
3.333333e-05 -1.111111e-05 -2.133333e-05 3.236048e+11
4.444444e-05 -1.111111e-05 -2.133333e-05 1.626751e+11
-4.444444e-05 0.000000e+00 -2.133333e-05 6.449293e+10
-3.333333e-05 0.000000e+00 -2.133333e-05 3.208780e+11
-2.222222e-05 0.000000e+00 -2.133333e-05 5.038461e+11
-1.111111e-05 0.000000e+00 -2.133333e-05 1.252839e+11
0.000000e+00 0.000000e+00 -2.133333e-05 1.372176e+04
1.111111e-05 0.000000e+00 -2.133333e-05 1.249916e+11
2.222222e-05 0.000000e+00 -2.133333e-05 5.033599e+11
3.333333e-05 0.000000e+00 -2.133333e-05 3.206561e+11
4.444444e-05 0.000000e+00 -2.133333e-05 6.485881e+10
-4.444444e-05 1.111111e-05 -2.133333e-05 1.623801e+11
-3.333333e-05 1.111111e-05 -2.133333e-05 3.234648e+11
-2.222222e-05 1.111111e-05 -2.133333e-05 2.905034e+11
-1.111111e-05 1.111111e-05 -2.133333e-05 4.439329e+11
0.000000e+00 1.111111e-05 -2.133333e-05 1.251764e+11
1.111111e-05 1.111111e-05 -2.133333e-05 4.438039e+11
2.222222e-05 1.111111e-05 -2.133333e-05 2.904412e+11
3.333333e-05 1.111111e-05 -2.133333e-05 3.222852e+11
4.444444e-05 1.111111e-05 -2.133333e-05 1.745370e+11
-4.444444e-05 2.222222e-05 -2.133333e-05 2.928828e+11
-3.333333e-05 2.222222e-05 -2.133333e-05 1.627372e+11
-2.222222e-05 2.222222e-05 -2.133333e-05 1.554869e+11
-1.111111e-05 2.222222e-05 -2.133333e-05 2.904328e+11
0.000000e+00 2.222222e-05 -2.133333e-05 5.034885e+11
1.111111e-05 2.222222e-05 -2.133333e-05 2.906191e+11
2.222222e-05 2.222222e-05 -2.133333e-05 1.554029e+11
3.333333e-05 2.222222e-05 -2.133333e-05 1.623724e+11
4.444444e-05 2.222222e-05 -2.133333e-05 2.966355e+11
-4.444444e-05 3.333333e-05 -2.133333e-05 2.358846e+11
-3.333333e-05 3.333333e-05 -2.133333e-05 1.726032e+11
-2.222222e-05 3.333333e-05 -2.133333e-05 1.629632e+11
-1.111111e-05 3.333333e-05 -2.133333e-05 3.229890e+11
0.000000e+00 3.333333e-05 -2.133333e-05 3.208831e+11
1.111111e-05 3.333333e-05 -2.133333e-05 3.234434e+11
2.222222e-05 3.333333e-05 -2.133333e-05 1.626126e+11
3.333333e-05 3.333333e-05 -2.133333e-05 1.719239e+11
4.444444e-05 3.333333e-05 -2.133333e-05 2.326056e+11
-4.444444e-05 4.444444e-05 -2.133333e-05 4.590763e+10
-3.333333e-05 4.444444e-05 -2.133333e-05 2.338158e+11
-2.222222e-05 4.444444e-05 -2.133333e-05 2.992678e+11
-1.111111e-05 4.444444e-05 -2.133333e-05 1.621548e+11
0.000000e+00 4.444444e-05 -2.133333e-05 6.450183e+10
1.111111e-05 4.444444e-05 -2.133333e-05 1.623654e+11
2.222222e-05 4.444444e-05 -2.133333e-05 2.926753e+11
3.333333e-05 4.444444e-05 -2.133333e-05 2.368010e+11
4.444444e-05 4.444444e-05 -2.133333e-05 4.611893e+10
-4.444444e-05 -4.444444e-05 -1.600000e-05 3.147576e+10
-3.333333e-05 -4.444444e-05 -1.600000e-05 7.765169e+10
-2.222222e-05 -4.444444e-05 -1.600000e-05 9.191321e+10
-1.111111e-05 -4.444444e-05 -1.600000e-05 6.327574e+10
0.000000e+00 -4.444444e-05 -1.600000e-05 3.528331e+10
1.111111e-05 -4.444444e-05 -1.600000e-05 6.332709e+10
2.222222e-05 -4.444444e-05 -1.600000e-05 9.141913e+10
3.333333e-05 -4.444444e-05 -1.600000e-05 7.677511e+10
4.444444e-05 -4.444444e-05 -1.600000e-05 3.147091e+10
-4.444444e-05 -3.333333e-05 -1.600000e-05 7.678797e+10
-3.333333e-05 -3.333333e-05 -1.600000e-05 1.098065e+11
-2.222222e-05 -3.333333e-05 -1.600000e-05 1.126665e+11
-1.111111e-05 -3.333333e-05 -1.600000e-05 1.273599e+11
0.000000e+00 -3.333333e-05 -1.600000e-05 1.084954e+11
1.111111e-05 -3.333333e-05 -1.600000e-05 1.274251e+11
2.222222e-05 -3.333333e-05 -1.600000e-05 1.126844e+11
3.333333e-05 -3.333333e-05 -1.600000e-05 1.098046e+11
4.444444e-05 -3.333333e-05 -1.600000e-05 7.766331e+10
-4.444444e-05 -2.222222e-05 -1.600000e-05 9.142279e+10
-3.333333e-05 -2.222222e-05 -1.600000e-05 1.126867e+11
-2.222222e-05 -2.222222e-05 -1.600000e-05 1.138444e+11
-1.111111e-05 -2.222222e-05 -1.600000e-05 1.340728e+11
0.000000e+00 -2.222222e-05 -1.600000e-05 1.332908e+11
1.111111e-05 -2.222222e-05 -1.600000e-05 1.340691e+11
2.222222e-05 -2.222222e-05 -1.600000e-05 1.138455e+11
3.333333e-05 -2.222222e-05 -1.600000e-05 1.126724e+11
4.444444e-05 -2.222222e-05 -1.600000e-05 9.192646e+10
-4.444444e-05 -1.111111e-05 -1.600000e-05 6.333035e+10
-3.333333e-05 -1.111111e-05 -1.600000e-05 1.274308e+11
-2.222222e-05 -1.111111e-05 -1.600000e-05 1.340793e+11
-1.111111e-05 -1.111111e-05 -1.600000e-05 1.092184e+11
0.000000e+00 -1.111111e-05 -1.600000e-05 5.053033e+10
1.111111e-05 -1.111111e-05 -1.600000e-05 1.091720e+11
2.222222e-05 -1.111111e-05 -1.600000e-05 1.340765e+11
3.333333e-05 -1.111111e-05 -1.600000e-05 1.273984e+11
4.444444e-05 -1.111111e-05 -1.600000e-05 6.333983e+10
-4.444444e-05 0.000000e+00 -1.600000e-05 3.528400e+10
-3.333333e-05 0.000000e+00 -1.600000e-05 1.085002e+11
-2.222222e-05 0.000000e+00 -1.600000e-05 1.333446e+11
-1.111111e-05 0.000000e+00 -1.600000e-05 5.059771e+10
0.000000e+00 0.000000e+00 -1.600000e-05 7.062076e+03
1.111111e-05 0.000000e+00 -1.600000e-05 5.049976e+10
2.222222e-05 0.000000e+00 -1.600000e-05 1.332662e+11
3.333333e-05 0.000000e+00 -1.600000e-05 1.085608e+11
4.444444e-05 0.000000e+00 -1.600000e-05 3.548330e+10
-4.444444e-05 1.111111e-05 -1.600000e-05 6.327304e+10
-3.333333e-05 1.111111e-05 -1.600000e-05 1.273551e+11
-2.222222e-05 1.111111e-05 -1.600000e-05 1.340721e+11
-1.111111e-05 1.111111e-05 -1.600000e-05 1.093021e+11
0.000000e+00 1.111111e-05 -1.600000e-05 5.056764e+10
1.111111e-05 1.111111e-05 -1.600000e-05 1.091950e+11
2.222222e-05 1.111111e-05 -1.600000e-05 1.340576e+11
3.333333e-05 1.111111e-05 -1.600000e-05 1.274762e+11
4.444444e-05 1.111111e-05 -1.600000e-05 6.426240e+10
-4.444444e-05 2.222222e-05 -1.600000e-05 9.190939e+10
-3.333333e-05 2.222222e-05 -1.600000e-05 1.126624e+11
-2.222222e-05 2.222222e-05 -1.600000e-05 1.138382e+11
-1.111111e-05 2.222222e-05 -1.600000e-05 1.340675e+11
0.000000e+00 2.222222e-05 -1.600000e-05 1.333068e+11
1.111111e-05 2.222222e-05 -1.600000e-05 1.340774e+11
2.222222e-05 2.222222e-05 -1.600000e-05 1.138191e+11
3.333333e-05 2.222222e-05 -1.600000e-05 1.126123e+11
4.444444e-05 2.222222e-05 -1.600000e-05 9.208113e+10
-4.444444e-05 3.333333e-05 -1.600000e-05 7.764948e+10
-3.333333e-05 3.333333e-05 -1.600000e-05 1.098044e+11
-2.222222e-05 3.333333e-05 -1.600000e-05 1.126849e+11
-1.111111e-05 3.333333e-05 -1.600000e-05 1.274296e+11
0.000000e+00 3.333333e-05 -1.600000e-05 1.085043e+11
1.111111e-05 3.333333e-05 -1.600000e-05 1.273603e+11
2.222222e-05 3.333333e-05 -1.600000e-05 1.126399e+11
3.333333e-05 3.333333e-05 -1.600000e-05 1.097654e+11
4.444444e-05 3.333333e-05 -1.600000e-05 7.751173e+10
-4.444444e-05 4.444444e-05 -1.600000e-05 3.147509e+10
-3.333333e-05 4.444444e-05 -1.600000e-05 7.678749e+10
-2.222222e-05 4.444444e-05 -1.600000e-05 9.142354e+10
-1.111111e-05 4.444444e-05 -1.600000e-05 6.333355e+10
0.000000e+00 4.444444e-05 -1.600000e-05 3.529031e+10
1.111111e-05 4.444444e-05 -1.600000e-05 6.328246e+10
2.222222e-05 4.444444e-05 -1.600000e-05 9.191986e+10
3.333333e-05 4.444444e-05 -1.600000e-05 7.788662e+10
4.444444e-05 4.444444e-05 -1.600000e-05 3.171702e+10
-4.444444e-05 -4.444444e-05 -1.066667e-05 2.129962e+10
-3.333333e-05 -4.444444e-05 -1.066667e-05 4.176560e+10
-2.222222e-05 -4.444444e-05 -1.066667e-05 4.583364e+10
-1.111111e-05 -4.444444e-05 -1.066667e-05 2.789791e+10
0.000000e+00 -4.444444e-05 -1.066667e-05 1.352766e+10
1.111111e-05 -4.444444e-05 -1.066667e-05 2.784805e+10
2.222222e-05 -4.444444e-05 -1.066667e-05 4.553193e+10
3.333333e-05 -4.444444e-05 -1.066667e-05 4.142313e+10
4.444444e-05 -4.444444e-05 -1.066667e-05 2.129500e+10
-4.444444e-05 -3.333333e-05 -1.066667e-05 4.142984e+10
-3.333333e-05 -3.333333e-05 -1.066667e-05 6.866826e+10
-2.222222e-05 -3.333333e-05 -1.066667e-05 7.171706e+10
-1.111111e-05 -3.333333e-05 -1.066667e-05 5.399627e+10
0.000000e+00 -3.333333e-05 -1.066667e-05 3.151351e+10
1.111111e-05 -3.333333e-05 -1.066667e-05 5.401370e+10
2.222222e-05 -3.333333e-05 -1.066667e-05 7.165957e+10
3.333333e-05 -3.333333e-05 -1.066667e-05 6.866274e+10
4.444444e-05 -3.333333e-05 -1.066667e-05 4.176101e+10
-4.444444e-05 -2.222222e-05 -1.066667e-05 4.553586e+10
-3.333333e-05 -2.222222e-05 -1.066667e-05 7.166335e+10
-2.222222e-05 -2.222222e-05 -1.066667e-05 7.406627e+10
-1.111111e-05 -2.222222e-05 -1.066667e-05 5.796805e+10
0.000000e+00 -2.222222e-05 -1.066667e-05 3.521684e+10
1.111111e-05 -2.222222e-05 -1.066667e-05 5.797503e+10
2.222222e-05 -2.222222e-05 -1.066667e-05 7.406185e+10
3.333333e-05 -2.222222e-05 -1.066667e-05 7.171172e+10
4.444444e-05 -2.222222e-05 -1.066667e-05 4.582591e+10
-4.444444e-05 -1.111111e-05 -1.066667e-05 2.785087e+10
-3.333333e-05 -1.111111e-05 -1.066667e-05 5.401704e+10
-2.222222e-05 -1.111111e-05 -1.066667e-05 5.798060e+10
-1.111111e-05 -1.111111e-05 -1.066667e-05 3.704030e+10
0.000000e+00 -1.111111e-05 -1.066667e-05 1.498701e+10
1.111111e-05 -1.111111e-05 -1.066667e-05 3.702639e+10
2.222222e-05 -1.111111e-05 -1.066667e-05 5.796102e+10
3.333333e-05 -1.111111e-05 -1.066667e-05 5.399624e+10
4.444444e-05 -1.111111e-05 -1.066667e-05 2.789849e+10
-4.444444e-05 0.000000e+00 -1.066667e-05 1.352811e+10
-3.333333e-05 0.000000e+00 -1.066667e-05 3.151550e+10
-2.222222e-05 0.000000e+00 -1.066667e-05 3.522777e+10
-1.111111e-05 0.000000e+00 -1.066667e-05 1.500260e+10
0.000000e+00 0.000000e+00 -1.066667e-05 2.281565e+03
1.111111e-05 0.000000e+00 -1.066667e-05 1.498409e+10
2.222222e-05 0.000000e+00 -1.066667e-05 3.522051e+10
3.333333e-05 0.000000e+00 -1.066667e-05 3.155826e+10
4.444444e-05 0.000000e+00 -1.066667e-05 1.359874e+10
-4.444444e-05 1.111111e-05 -1.066667e-05 2.789562e+10
-3.333333e-05 1.111111e-05 -1.066667e-05 5.399644e+10
-2.222222e-05 1.111111e-05 -1.066667e-05 5.797911e+10
-1.111111e-05 1.111111e-05 -1.066667e-05 3.706586e+10
0.000000e+00 1.111111e-05 -1.066667e-05 1.499923e+10
1.111111e-05 1.111111e-05 -1.066667e-05 3.703972e+10
2.222222e-05 1.111111e-05 -1.066667e-05 5.799894e+10
3.333333e-05 1.111111e-05 -1.066667e-05 5.414113e+10
4.444444e-05 1.111111e-05 -1.066667e-05 2.813944e+10
-4.444444e-05 2.222222e-05 -1.066667e-05 4.583090e+10
-3.333333e-05 2.222222e-05 -1.066667e-05 7.171635e+10
-2.222222e-05 2.222222e-05 -1.066667e-05 7.406905e+10
-1.111111e-05 2.222222e-05 -1.066667e-05 5.798628e+10
0.000000e+00 2.222222e-05 -1.066667e-05 3.522449e+10
1.111111e-05 2.222222e-05 -1.066667e-05 5.797685e+10
2.222222e-05 2.222222e-05 -1.066667e-05 7.409740e+10
3.333333e-05 2.222222e-05 -1.066667e-05 7.180279e+10
4.444444e-05 2.222222e-05 -1.066667e-05 4.598045e+10
-4.444444e-05 3.333333e-05 -1.066667e-05 4.176373e+10
-3.333333e-05 3.333333e-05 -1.066667e-05 6.866723e+10
-2.222222e-05 3.333333e-05 -1.066667e-05 7.166351e+10
-1.111111e-05 3.333333e-05 -1.066667e-05 5.401814e+10
0.000000e+00 3.333333e-05 -1.066667e-05 3.151826e+10
1.111111e-05 3.333333e-05 -1.066667e-05 5.400759e+10
2.222222e-05 3.333333e-05 -1.066667e-05 7.175385e+10
3.333333e-05 3.333333e-05 -1.066667e-05 6.881876e+10
4.444444e-05 3.333333e-05 -1.066667e-05 4.185011e+10
-4.444444e-05 4.444444e-05 -1.066667e-05 2.129851e+10
-3.333333e-05 4.444444e-05 -1.066667e-05 4.142874e+10
-2.222222e-05 4.444444e-05 -1.066667e-05 4.553514e+10
-1.111111e-05 4.444444e-05 -1.066667e-05 2.785103e+10
0.000000e+00 4.444444e-05 -1.066667e-05 1.353131e+10
1.111111e-05 4.444444e-05 -1.066667e-05 2.790849e+10
2.222222e-05 4.444444e-05 -1.066667e-05 4.587361e+10
3.333333e-05 4.444444e-05 -1.066667e-05 4.190140e+10
4.444444e-05 4.444444e-05 -1.066667e-05 2.146739e+10
-4.444444e-05 -4.444444e-05 -5.333333e-06 1.629984e+10
-3.333333e-05 -4.444444e-05 -5.333333e-06 2.900683e+10
-2.222222e-05 -4.444444e-05 -5.333333e-06 2.962683e+10
-1.111111e-05 -4.444444e-05 -5.333333e-06 1.419418e+10
0.000000e+00 -4.444444e-05 -5.333333e-06 3.002977e+09
1.111111e-05 -4.444444e-05 -5.333333e-06 1.414199e+10
2.222222e-05 -4.444444e-05 -5.333333e-06 2.943712e+10
3.333333e-05 -4.444444e-05 -5.333333e-06 2.882596e+10
4.444444e-05 -4.444444e-05 -5.333333e-06 1.629536e+10
-4.444444e-05 -3.333333e-05 -5.333333e-06 2.883081e+10
-3.333333e-05 -3.333333e-05 -5.333333e-06 4.935013e+10
-2.222222e-05 -3.333333e-05 -5.333333e-06 5.020610e+10
-1.111111e-05 -3.333333e-05 -5.333333e-06 2.676502e+10
0.000000e+00 -3.333333e-05 -5.333333e-06 6.181797e+09
1.111111e-05 -3.333333e-05 -5.333333e-06 2.676288e+10
2.222222e-05 -3.333333e-05 -5.333333e-06 5.014091e+10
3.333333e-05 -3.333333e-05 -5.333333e-06 4.934389e+10
4.444444e-05 -3.333333e-05 -5.333333e-06 2.899908e+10
-4.444444e-05 -2.222222e-05 -5.333333e-06 2.944055e+10
-3.333333e-05 -2.222222e-05 -5.333333e-06 5.014466e+10
-2.222222e-05 -2.222222e-05 -5.333333e-06 5.113630e+10
-1.111111e-05 -2.222222e-05 -5.333333e-06 2.814211e+10
0.000000e+00 -2.222222e-05 -5.333333e-06 6.615875e+09
1.111111e-05 -2.222222e-05 -5.333333e-06 2.814797e+10
2.222222e-05 -2.222222e-05 -5.333333e-06 5.113029e+10
3.333333e-05 -2.222222e-05 -5.333333e-06 5.019534e+10
4.444444e-05 -2.222222e-05 -5.333333e-06 2.961098e+10
-4.444444e-05 -1.111111e-05 -5.333333e-06 1.414433e+10
-3.333333e-05 -1.111111e-05 -5.333333e-06 2.676462e+10
-2.222222e-05 -1.111111e-05 -5.333333e-06 2.814990e+10
-1.111111e-05 -1.111111e-05 -5.333333e-06 1.449158e+10
0.000000e+00 -1.111111e-05 -5.333333e-06 2.861865e+09
1.111111e-05 -1.111111e-05 -5.333333e-06 1.448707e+10
2.222222e-05 -1.111111e-05 -5.333333e-06 2.813281e+10
3.333333e-05 -1.111111e-05 -5.333333e-06 2.674814e+10
4.444444e-05 -1.111111e-05 -5.333333e-06 1.417108e+10
-4.444444e-05 0.000000e+00 -5.333333e-06 3.003193e+09
-3.333333e-05 0.000000e+00 -5.333333e-06 6.182226e+09
-2.222222e-05 0.000000e+00 -5.333333e-06 6.617668e+09
-1.111111e-05 0.000000e+00 -5.333333e-06 2.864375e+09
0.000000e+00 0.000000e+00 -5.333333e-06 5.598864e+02
1.111111e-05 0.000000e+00 -5.333333e-06 2.861892e+09
2.222222e-05 0.000000e+00 -5.333333e-06 6.617973e+09
3.333333e-05 0.000000e+00 -5.333333e-06 6.192426e+09
4.444444e-05 0.000000e+00 -5.333333e-06 3.017978e+09
-4.444444e-05 1.111111e-05 -5.333333e-06 1.419199e+10
-3.333333e-05 1.111111e-05 -5.333333e-06 2.676646e+10
-2.222222e-05 1.111111e-05 -5.333333e-06 2.815148e+10
-1.111111e-05 1.111111e-05 -5.333333e-06 1.450442e+10
0.000000e+00 1.111111e-05 -5.333333e-06 2.864275e+09
1.111111e-05 1.111111e-05 -5.333333e-06 1.449474e+10
2.222222e-05 1.111111e-05 -5.333333e-06 2.817797e+10
3.333333e-05 1.111111e-05 -5.333333e-06 2.686815e+10
4.444444e-05 1.111111e-05 -5.333333e-06 1.430279e+10
-4.444444e-05 2.222222e-05 -5.333333e-06 2.962467e+10
-3.333333e-05 2.222222e-05 -5.333333e-06 5.020726e+10
-2.222222e-05 2.222222e-05 -5.333333e-06 5.114230e+10
-1.111111e-05 2.222222e-05 -5.333333e-06 2.815839e+10
0.000000e+00 2.222222e-05 -5.333333e-06 6.617745e+09
1.111111e-05 2.222222e-05 -5.333333e-06 2.814959e+10
2.222222e-05 2.222222e-05 -5.333333e-06 5.118675e+10
3.333333e-05 2.222222e-05 -5.333333e-06 5.032071e+10
4.444444e-05 2.222222e-05 -5.333333e-06 2.974749e+10
-4.444444e-05 3.333333e-05 -5.333333e-06 2.900528e+10
-3.333333e-05 3.333333e-05 -5.333333e-06 4.934981e+10
-2.222222e-05 3.333333e-05 -5.333333e-06 5.014577e+10
-1.111111e-05 3.333333e-05 -5.333333e-06 2.676624e+10
0.000000e+00 3.333333e-05 -5.333333e-06 6.183086e+09
1.111111e-05 3.333333e-05 -5.333333e-06 2.677580e+10
2.222222e-05 3.333333e-05 -5.333333e-06 5.026186e+10
3.333333e-05 3.333333e-05 -5.333333e-06 4.952576e+10
4.444444e-05 3.333333e-05 -5.333333e-06 2.911802e+10
-4.444444e-05 4.444444e-05 -5.333333e-06 1.629865e+10
-3.333333e-05 4.444444e-05 -5.333333e-06 2.882962e+10
-2.222222e-05 4.444444e-05 -5.333333e-06 2.943939e+10
-1.111111e-05 4.444444e-05 -5.333333e-06 1.414327e+10
0.000000e+00 4.444444e-05 -5.333333e-06 3.004066e+09
1.111111e-05 4.444444e-05 -5.333333e-06 1.420286e+10
2.222222e-05 4.444444e-05 -5.333333e-06 2.966905e+10
3.333333e-05 4.444444e-05 -5.333333e-06 2.911636e+10
4.444444e-05 4.444444e-05 -5.333333e-06 1.643233e+10
-4.444444e-05 -4.444444e-05 0.000000e+00 1.482346e+10
-3.333333e-05 -4.444444e-05 0.000000e+00 2.562394e+10
-2.222222e-05 -4.444444e-05 0.000000e+00 2.536213e+10
-1.111111e-05 -4.444444e-05 0.000000e+00 1.049672e+10
0.000000e+00 -4.444444e-05 0.000000e+00 3.835281e+03
1.111111e-05 -4.444444e-05 0.000000e+00 1.044835e+10
2.222222e-05 -4.444444e-05 0.000000e+00 2.520268e+10
3.333333e-05 -4.444444e-05 0.000000e+00 2.548008e+10
4.444444e-05 -4.444444e-05 0.000000e+00 1.481915e+10
-4.444444e-05 -3.333333e-05 0.000000e+00 2.548422e+10
-3.333333e-05 -3.333333e-05 0.000000e+00 4.382742e+10
-2.222222e-05 -3.333333e-05 0.000000e+00 4.382103e+10
-1.111111e-05 -3.333333e-05 0.000000e+00 1.967366e+10
0.000000e+00 -3.333333e-05 0.000000e+00 1.146497e+03
1.111111e-05 -3.333333e-05 0.000000e+00 1.966934e+10
2.222222e-05 -3.333333e-05 0.000000e+00 4.375862e+10
3.333333e-05 -3.333333e-05 0.000000e+00 4.382164e+10
4.444444e-05 -3.333333e-05 0.000000e+00 2.561594e+10
-4.444444e-05 -2.222222e-05 0.000000e+00 2.520553e+10
-3.333333e-05 -2.222222e-05 0.000000e+00 4.376176e+10
-2.222222e-05 -2.222222e-05 0.000000e+00 4.409264e+10
-1.111111e-05 -2.222222e-05 0.000000e+00 2.036719e+10
0.000000e+00 -2.222222e-05 0.000000e+00 7.250586e+02
1.111111e-05 -2.222222e-05 0.000000e+00 2.037304e+10
2.222222e-05 -2.222222e-05 0.000000e+00 4.408685e+10
3.333333e-05 -2.222222e-05 0.000000e+00 4.380980e+10
4.444444e-05 -2.222222e-05 0.000000e+00 2.534476e+10
-4.444444e-05 -1.111111e-05 0.000000e+00 1.045025e+10
-3.333333e-05 -1.111111e-05 0.000000e+00 1.967024e+10
-2.222222e-05 -1.111111e-05 0.000000e+00 2.037368e+10
-1.111111e-05 -1.111111e-05 0.000000e+00 9.096654e+09
0.000000e+00 -1.111111e-05 0.000000e+00 5.700671e+00
1.111111e-05 -1.111111e-05 0.000000e+00 9.094186e+09
2.222222e-05 -1.111111e-05 0.000000e+00 2.035752e+10
3.333333e-05 -1.111111e-05 0.000000e+00 1.965274e+10
4.444444e-05 -1.111111e-05 0.000000e+00 1.046725e+10
-4.444444e-05 0.000000e+00 0.000000e+00 2.359037e+03
-3.333333e-05 0.000000e+00 0.000000e+00 8.875270e+02
-2.222222e-05 0.000000e+00 0.000000e+00 3.514049e+01
-1.111111e-05 0.000000e+00 0.000000e+00 9.865663e+02
0.000000e+00 0.000000e+00 0.000000e+00 1.909022e+02
1.111111e-05 0.000000e+00 0.000000e+00 3.198449e+02
2.222222e-05 0.000000e+00 0.000000e+00 7.525733e+03
3.333333e-05 0.000000e+00 0.000000e+00 4.552818e+04
4.444444e-05 0.000000e+00 0.000000e+00 7.820176e+04
-4.444444e-05 1.111111e-05 0.000000e+00 1.049457e+10
-3.333333e-05 1.111111e-05 0.000000e+00 1.967608e+10
-2.222222e-05 1.111111e-05 0.000000e+00 2.037595e+10
-1.111111e-05 1.111111e-05 0.000000e+00 9.106960e+09
0.000000e+00 1.111111e-05 0.000000e+00 9.526601e+02
1.111111e-05 1.111111e-05 0.000000e+00 9.099774e+09
2.222222e-05 1.111111e-05 0.000000e+00 2.040210e+10
3.333333e-05 1.111111e-05 0.000000e+00 1.976333e+10
4.444444e-05 1.111111e-05 0.000000e+00 1.057887e+10
-4.444444e-05 2.222222e-05 0.000000e+00 2.536078e+10
-3.333333e-05 2.222222e-05 0.000000e+00 4.382369e+10
-2.222222e-05 2.222222e-05 0.000000e+00 4.409963e+10
-1.111111e-05 2.222222e-05 0.000000e+00 2.038239e+10
0.000000e+00 2.222222e-05 0.000000e+00 1.929007e+03
1.111111e-05 2.222222e-05 0.000000e+00 2.037357e+10
2.222222e-05 2.222222e-05 0.000000e+00 4.414644e+10
3.333333e-05 2.222222e-05 0.000000e+00 4.393887e+10
4.444444e-05 2.222222e-05 0.000000e+00 2.547388e+10
-4.444444e-05 3.333333e-05 0.000000e+00 2.562284e+10
-3.333333e-05 3.333333e-05 0.000000e+00 4.382773e+10
-2.222222e-05 3.333333e-05 0.000000e+00 4.376328e+10
-1.111111e-05 3.333333e-05 0.000000e+00 1.967191e+10
0.000000e+00 3.333333e-05 0.000000e+00 1.033954e+03
1.111111e-05 3.333333e-05 0.000000e+00 1.968391e+10
2.222222e-05 3.333333e-05 0.000000e+00 4.388052e+10
3.333333e-05 3.333333e-05 0.000000e+00 4.400275e+10
4.444444e-05 3.333333e-05 0.000000e+00 2.573691e+10
-4.444444e-05 4.444444e-05 0.000000e+00 1.482236e+10
-3.333333e-05 4.444444e-05 0.000000e+00 2.548315e+10
-2.222222e-05 4.444444e-05 0.000000e+00 2.520434e+10
-1.111111e-05 4.444444e-05 0.000000e+00 1.044885e+10
0.000000e+00 4.444444e-05 0.000000e+00 4.254493e+03
1.111111e-05 4.444444e-05 0.000000e+00 1.050417e+10
2.222222e-05 4.444444e-05 0.000000e+00 2.540398e+10
3.333333e-05 4.444444e-05 0.000000e+00 2.572682e+10
4.444444e-05 4.444444e-05 0.000000e+00 1.494564e+10
-4.444444e-05 -4.444444e-05 5.333333e-06 1.629956e+10
-3.333333e-05 -4.444444e-05 5.333333e-06 2.900564e+10
-2.222222e-05 -4.444444e-05 5.333333e-06 2.962378e+10
-1.111111e-05 -4.444444e-05 5.333333e-06 1.419349e+10
0.000000e+00 -4.444444e-05 5.333333e-06 3.003892e+09
1.111111e-05 -4.444444e-05 5.333333e-06 1.414324e+10
2.222222e-05 -4.444444e-05 5.333333e-06 2.943828e+10
3.333333e-05 -4.444444e-05 5.333333e-06 2.882662e+10
4.444444e-05 -4.444444e-05 5.333333e-06 1.629559e+10
-4.444444e-05 -3.333333e-05 5.333333e-06 2.883045e+10
-3.333333e-05 -3.333333e-05 5.333333e-06 4.934883e+10
-2.222222e-05 -3.333333e-05 5.333333e-06 5.020256e+10
-1.111111e-05 -3.333333e-05 5.333333e-06 2.676167e+10
0.000000e+00 -3.333333e-05 5.333333e-06 6.181753e+09
1.111111e-05 -3.333333e-05 5.333333e-06 2.676416e+10
2.222222e-05 -3.333333e-05 5.333333e-06 5.014209e+10
3.333333e-05 -3.333333e-05 5.333333e-06 4.934462e+10
4.444444e-05 -3.333333e-05 5.333333e-06 2.899941e+10
-4.444444e-05 -2.222222e-05 5.333333e-06 2.944038e+10
-3.333333e-05 -2.222222e-05 5.333333e-06 5.014414e+10
-2.222222e-05 -2.222222e-05 5.333333e-06 5.113532e+10
-1.111111e-05 -2.222222e-05 5.333333e-06 2.814117e+10
0.000000e+00 -2.222222e-05 5.333333e-06 6.615777e+09
1.111111e-05 -2.222222e-05 5.333333e-06 2.814856e+10
2.222222e-05 -2.222222e-05 5.333333e-06 5.113090e+10
3.333333e-05 -2.222222e-05 5.333333e-06 5.019576e+10
4.444444e-05 -2.222222e-05 5.333333e-06 2.961120e+10
-4.444444e-05 -1.111111e-05 5.333333e-06 1.414437e+10
-3.333333e-05 -1.111111e-05 5.333333e-06 2.676462e+10
-2.222222e-05 -1.111111e-05 5.333333e-06 2.814985e+10
-1.111111e-05 -1.111111e-05 5.333333e-06 1.449155e+10
0.000000e+00 -1.111111e-05 5.333333e-06 2.861858e+09
1.111111e-05 -1.111111e-05 5.333333e-06 1.448713e+10
2.222222e-05 -1.111111e-05 5.333333e-06 2.813293e+10
3.333333e-05 -1.111111e-05 5.333333e-06 2.674825e+10
4.444444e-05 -1.111111e-05 5.333333e-06 1.417113e+10
-4.444444e-05 0.000000e+00 5.333333e-06 3.003322e+09
-3.333333e-05 0.000000e+00 5.333333e-06 6.182427e+09
-2.222222e-05 0.000000e+00 5.333333e-06 6.617886e+09
-1.111111e-05 0.000000e+00 5.333333e-06 2.864533e+09
0.000000e+00 0.000000e+00 5.333333e-06 6.099732e+02
1.111111e-05 0.000000e+00 5.333333e-06 2.861774e+09
2.222222e-05 0.000000e+00 5.333333e-06 6.617857e+09
3.333333e-05 0.000000e+00 5.333333e-06 6.192358e+09
4.444444e-05 0.000000e+00 5.333333e-06 3.017934e+09
-4.444444e-05 1.111111e-05 5.333333e-06 1.419215e+10
-3.333333e-05 1.111111e-05 5.333333e-06 2.676669e+10
-2.222222e-05 1.111111e-05 5.333333e-06 2.815170e+10
-1.111111e-05 1.111111e-05 5.333333e-06 1.450458e+10
0.000000e+00 1.111111e-05 5.333333e-06 2.864310e+09
1.111111e-05 1.111111e-05 5.333333e-06 1.449469e+10
2.222222e-05 1.111111e-05 5.333333e-06 2.817787e+10
3.333333e-05 1.111111e-05 5.333333e-06 2.686808e+10
4.444444e-05 1.111111e-05 5.333333e-06 1.430273e+10
-4.444444e-05 2.222222e-05 5.333333e-06 2.962483e+10
-3.333333e-05 2.222222e-05 5.333333e-06 5.020742e+10
-2.222222e-05 2.222222e-05 5.333333e-06 5.114243e+10
-1.111111e-05 2.222222e-05 5.333333e-06 2.815851e+10
0.000000e+00 2.222222e-05 5.333333e-06 6.617817e+09
1.111111e-05 2.222222e-05 5.333333e-06 2.814959e+10
2.222222e-05 2.222222e-05 5.333333e-06 5.118667e+10
3.333333e-05 2.222222e-05 5.333333e-06 5.032063e+10
4.444444e-05 2.222222e-05 5.333333e-06 2.974745e+10
-4.444444e-05 3.333333e-05 5.333333e-06 2.900541e+10
-3.333333e-05 3.333333e-05 5.333333e-06 4.934994e+10
-2.222222e-05 3.333333e-05 5.333333e-06 5.014587e+10
-1.111111e-05 3.333333e-05 5.333333e-06 2.676636e+10
0.000000e+00 3.333333e-05 5.333333e-06 6.183159e+09
1.111111e-05 3.333333e-05 5.333333e-06 2.677583e+10
2.222222e-05 3.333333e-05 5.333333e-06 5.026182e+10
3.333333e-05 3.333333e-05 5.333333e-06 4.952571e+10
4.444444e-05 3.333333e-05 5.333333e-06 2.911800e+10
-4.444444e-05 4.444444e-05 5.333333e-06 1.629872e+10
-3.333333e-05 4.444444e-05 5.333333e-06 2.882973e+10
-2.222222e-05 4.444444e-05 5.333333e-06 2.943949e+10
-1.111111e-05 4.444444e-05 5.333333e-06 1.414335e+10
0.000000e+00 4.444444e-05 5.333333e-06 3.004102e+09
1.111111e-05 4.444444e-05 5.333333e-06 1.420288e+10
2.222222e-05 4.444444e-05 5.333333e-06 2.966905e+10
3.333333e-05 4.444444e-05 5.333333e-06 2.911636e+10
4.444444e-05 4.444444e-05 5.333333e-06 1.643232e+10
-4.444444e-05 -4.444444e-05 1.066667e-05 2.129896e+10
-3.333333e-05 -4.444444e-05 1.066667e-05 4.176250e+10
-2.222222e-05 -4.444444e-05 1.066667e-05 4.582119e+10
-1.111111e-05 -4.444444e-05 1.066667e-05 2.788986e+10
0.000000e+00 -4.444444e-05 1.066667e-05 1.353180e+10
1.111111e-05 -4.444444e-05 1.066667e-05 2.785218e+10
2.222222e-05 -4.444444e-05 1.066667e-05 4.553508e+10
3.333333e-05 -4.444444e-05 1.066667e-05 4.142482e+10
4.444444e-05 -4.444444e-05 1.066667e-05 2.129555e+10
-4.444444e-05 -3.333333e-05 1.066667e-05 4.142894e+10
-3.333333e-05 -3.333333e-05 1.066667e-05 6.866541e+10
-2.222222e-05 -3.333333e-05 1.066667e-05 7.170868e+10
-1.111111e-05 -3.333333e-05 1.066667e-05 5.398445e+10
0.000000e+00 -3.333333e-05 1.066667e-05 3.151292e+10
1.111111e-05 -3.333333e-05 1.066667e-05 5.401745e+10
2.222222e-05 -3.333333e-05 1.066667e-05 7.166245e+10
3.333333e-05 -3.333333e-05 1.066667e-05 6.866455e+10
4.444444e-05 -3.333333e-05 1.066667e-05 4.176191e+10
-4.444444e-05 -2.222222e-05 1.066667e-05 4.553539e+10
-3.333333e-05 -2.222222e-05 1.066667e-05 7.166211e+10
-2.222222e-05 -2.222222e-05 1.066667e-05 7.406422e+10
-1.111111e-05 -2.222222e-05 1.066667e-05 5.796571e+10
0.000000e+00 -2.222222e-05 1.066667e-05 3.521659e+10
1.111111e-05 -2.222222e-05 1.066667e-05 5.797670e+10
2.222222e-05 -2.222222e-05 1.066667e-05 7.406334e+10
3.333333e-05 -2.222222e-05 1.066667e-05 7.171279e+10
4.444444e-05 -2.222222e-05 1.066667e-05 4.582656e+10
-4.444444e-05 -1.111111e-05 1.066667e-05 2.785093e+10
-3.333333e-05 -1.111111e-05 1.066667e-05 5.401694e+10
-2.222222e-05 -1.111111e-05 1.066667e-05 5.798031e+10
-1.111111e-05 -1.111111e-05 1.066667e-05 3.704012e+10
0.000000e+00 -1.111111e-05 1.066667e-05 1.498704e+10
1.111111e-05 -1.111111e-05 1.066667e-05 3.702677e+10
2.222222e-05 -1.111111e-05 1.066667e-05 5.796152e+10
3.333333e-05 -1.111111e-05 1.066667e-05 5.399671e+10
4.444444e-05 -1.111111e-05 1.066667e-05 2.789873e+10
-4.444444e-05 0.000000e+00 1.066667e-05 1.352839e+10
-3.333333e-05 0.000000e+00 1.066667e-05 3.151602e+10
-2.222222e-05 0.000000e+00 1.066667e-05 3.522833e+10
-1.111111e-05 0.000000e+00 1.066667e-05 1.500296e+10
0.000000e+00 0.000000e+00 1.066667e-05 2.387027e+03
1.111111e-05 0.000000e+00 1.066667e-05 1.498391e+10
2.222222e-05 0.000000e+00 1.066667e-05 3.522042e+10
3.333333e-05 0.000000e+00 1.066667e-05 3.155826e+10
4.444444e-05 0.000000e+00 1.066667e-05 1.359867e+10
-4.444444e-05 1.111111e-05 1.066667e-05 2.789603e+10
-3.333333e-05 1.111111e-05 1.066667e-05 5.399702e+10
-2.222222e-05 1.111111e-05 1.066667e-05 5.797965e+10
-1.111111e-05 1.111111e-05 1.066667e-05 3.706631e+10
0.000000e+00 1.111111e-05 1.066667e-05 1.499936e+10
1.111111e-05 1.111111e-05 1.066667e-05 3.703964e+10
2.222222e-05 1.111111e-05 1.066667e-05 5.799872e+10
3.333333e-05 1.111111e-05 1.066667e-05 5.414097e+10
4.444444e-05 1.111111e-05 1.066667e-05 2.813933e+10
-4.444444e-05 2.222222e-05 1.066667e-05 4.583133e+10
-3.333333e-05 2.222222e-05 1.066667e-05 7.171669e+10
-2.222222e-05 2.222222e-05 1.066667e-05 7.406930e+10
-1.111111e-05 2.222222e-05 1.066667e-05 5.798660e+10
0.000000e+00 2.222222e-05 1.066667e-05 3.522476e+10
1.111111e-05 2.222222e-05 1.066667e-05 5.797685e+10
2.222222e-05 2.222222e-05 1.066667e-05 7.409716e+10
3.333333e-05 2.222222e-05 1.066667e-05 7.180255e+10
4.444444e-05 2.222222e-05 1.066667e-05 4.598036e+10
-4.444444e-05 3.333333e-05 1.066667e-05 4.176410e+10
-3.333333e-05 3.333333e-05 1.066667e-05 6.866752e+10
-2.222222e-05 3.333333e-05 1.066667e-05 7.166372e+10
-1.111111e-05 3.333333e-05 1.066667e-05 5.401847e+10
0.000000e+00 3.333333e-05 1.066667e-05 3.151854e+10
1.111111e-05 3.333333e-05 1.066667e-05 5.400768e+10
2.222222e-05 3.333333e-05 1.066667e-05 7.175371e+10
3.333333e-05 3.333333e-05 1.066667e-05 6.881861e+10
4.444444e-05 3.333333e-05 1.066667e-05 4.185009e+10
-4.444444e-05 4.444444e-05 1.066667e-05 2.129868e+10
-3.333333e-05 4.444444e-05 1.066667e-05 4.142904e+10
-2.222222e-05 4.444444e-05 1.066667e-05 4.553542e+10
-1.111111e-05 4.444444e-05 1.066667e-05 2.785125e+10
0.000000e+00 4.444444e-05 1.066667e-05 1.353141e+10
1.111111e-05 4.444444e-05 1.066667e-05 2.790855e+10
2.222222e-05 4.444444e-05 1.066667e-05 4.587364e+10
3.333333e-05 4.444444e-05 1.066667e-05 4.190145e+10
4.444444e-05 4.444444e-05 1.066667e-05 2.146738e+10
-4.444444e-05 -4.444444e-05 1.600000e-05 3.147454e+10
-3.333333e-05 -4.444444e-05 1.600000e-05 7.764516e+10
-2.222222e-05 -4.444444e-05 1.600000e-05 9.186726e+10
-1.111111e-05 -4.444444e-05 1.600000e-05 6.318862e+10
0.000000e+00 -4.444444e-05 1.600000e-05 3.530132e+10
1.111111e-05 -4.444444e-05 1.600000e-05 6.333947e+10
2.222222e-05 -4.444444e-05 1.600000e-05 9.142725e+10
3.333333e-05 -4.444444e-05 1.600000e-05 7.677925e+10
4.444444e-05 -4.444444e-05 1.600000e-05 3.147196e+10
-4.444444e-05 -3.333333e-05 1.600000e-05 7.678607e+10
-3.333333e-05 -3.333333e-05 1.600000e-05 1.098019e+11
-2.222222e-05 -3.333333e-05 1.600000e-05 1.126569e+11
-1.111111e-05 -3.333333e-05 1.600000e-05 1.273300e+11
0.000000e+00 -3.333333e-05 1.600000e-05 1.084934e+11
1.111111e-05 -3.333333e-05 1.600000e-05 1.274351e+11
2.222222e-05 -3.333333e-05 1.600000e-05 1.126899e+11
3.333333e-05 -3.333333e-05 1.600000e-05 1.098081e+11
4.444444e-05 -3.333333e-05 1.600000e-05 7.766581e+10
-4.444444e-05 -2.222222e-05 1.600000e-05 9.142167e+10
-3.333333e-05 -2.222222e-05 1.600000e-05 1.126844e+11
-2.222222e-05 -2.222222e-05 1.600000e-05 1.138418e+11
-1.111111e-05 -2.222222e-05 1.600000e-05 1.340688e+11
0.000000e+00 -2.222222e-05 1.600000e-05 1.332910e+11
1.111111e-05 -2.222222e-05 1.600000e-05 1.340731e+11
2.222222e-05 -2.222222e-05 1.600000e-05 1.138482e+11
3.333333e-05 -2.222222e-05 1.600000e-05 1.126744e+11
4.444444e-05 -2.222222e-05 1.600000e-05 9.192843e+10
-4.444444e-05 -1.111111e-05 1.600000e-05 6.333048e+10
-3.333333e-05 -1.111111e-05 1.600000e-05 1.274302e+11
-2.222222e-05 -1.111111e-05 1.600000e-05 1.340783e+11
-1.111111e-05 -1.111111e-05 1.600000e-05 1.092179e+11
0.000000e+00 -1.111111e-05 1.600000e-05 5.053061e+10
1.111111e-05 -1.111111e-05 1.600000e-05 1.091737e+11
2.222222e-05 -1.111111e-05 1.600000e-05 1.340780e+11
3.333333e-05 -1.111111e-05 1.600000e-05 1.273999e+11
4.444444e-05 -1.111111e-05 1.600000e-05 6.334075e+10
-4.444444e-05 0.000000e+00 1.600000e-05 3.528445e+10
-3.333333e-05 0.000000e+00 1.600000e-05 1.085017e+11
-2.222222e-05 0.000000e+00 1.600000e-05 1.333463e+11
-1.111111e-05 0.000000e+00 1.600000e-05 5.059842e+10
0.000000e+00 0.000000e+00 1.600000e-05 7.208371e+03
1.111111e-05 0.000000e+00 1.600000e-05 5.049978e+10
2.222222e-05 0.000000e+00 1.600000e-05 1.332670e+11
3.333333e-05 0.000000e+00 1.600000e-05 1.085616e+11
4.444444e-05 0.000000e+00 1.600000e-05 3.548323e+10
-4.444444e-05 1.111111e-05 1.600000e-05 6.327406e+10
-3.333333e-05 1.111111e-05 1.600000e-05 1.273564e+11
-2.222222e-05 1.111111e-05 1.600000e-05 1.340731e+11
-1.111111e-05 1.111111e-05 1.600000e-05 1.093034e+11
0.000000e+00 1.111111e-05 1.600000e-05 5.056804e+10
1.111111e-05 1.111111e-05 1.600000e-05 1.091951e+11
2.222222e-05 1.111111e-05 1.600000e-05 1.340570e+11
3.333333e-05 1.111111e-05 1.600000e-05 1.274759e+11
4.444444e-05 1.111111e-05 1.600000e-05 6.426225e+10
-4.444444e-05 2.222222e-05 1.600000e-05 9.191067e+10
-3.333333e-05 2.222222e-05 1.600000e-05 1.126629e+11
-2.222222e-05 2.222222e-05 1.600000e-05 1.138385e+11
-1.111111e-05 2.222222e-05 1.600000e-05 1.340681e+11
0.000000e+00 2.222222e-05 1.600000e-05 1.333081e+11
1.111111e-05 2.222222e-05 1.600000e-05 1.340772e+11
2.222222e-05 2.222222e-05 1.600000e-05 1.138185e+11
3.333333e-05 2.222222e-05 1.600000e-05 1.126116e+11
4.444444e-05 2.222222e-05 1.600000e-05 9.208110e+10
-4.444444e-05 3.333333e-05 1.600000e-05 7.765068e+10
-3.333333e-05 3.333333e-05 1.600000e-05 1.098048e+11
-2.222222e-05 3.333333e-05 1.600000e-05 1.126851e+11
-1.111111e-05 3.333333e-05 1.600000e-05 1.274303e+11
0.000000e+00 3.333333e-05 1.600000e-05 1.085055e+11
1.111111e-05 3.333333e-05 1.600000e-05 1.273605e+11
2.222222e-05 3.333333e-05 1.600000e-05 1.126395e+11
3.333333e-05 3.333333e-05 1.600000e-05 1.097649e+11
4.444444e-05 3.333333e-05 1.600000e-05 7.751188e+10
-4.444444e-05 4.444444e-05 1.600000e-05 3.147544e+10
-3.333333e-05 4.444444e-05 1.600000e-05 7.678835e+10
-2.222222e-05 4.444444e-05 1.600000e-05 9.142437e+10
-1.111111e-05 4.444444e-05 1.600000e-05 6.333423e+10
0.000000e+00 4.444444e-05 1.600000e-05 3.529049e+10
1.111111e-05 4.444444e-05 1.600000e-05 6.328276e+10
2.222222e-05 4.444444e-05 1.600000e-05 9.192016e+10
3.333333e-05 4.444444e-05 1.600000e-05 7.788705e+10
4.444444e-05 4.444444e-05 1.600000e-05 3.171703e+10
-4.444444e-05 -4.444444e-05 2.133333e-05 4.590478e+10
-3.333333e-05 -4.444444e-05 2.133333e-05 2.358766e+11
-2.222222e-05 -4.444444e-05 2.133333e-05 2.928359e+11
-1.111111e-05 -4.444444e-05 2.133333e-05 1.605506e+11
0.000000e+00 -4.444444e-05 2.133333e-05 6.454956e+10
1.111111e-05 -4.444444e-05 2.133333e-05 1.621769e+11
2.222222e-05 -4.444444e-05 2.133333e-05 2.992907e+11
3.333333e-05 -4.444444e-05 2.133333e-05 2.338246e+11
4.444444e-05 -4.444444e-05 2.133333e-05 4.592902e+10
-4.444444e-05 -3.333333e-05 2.133333e-05 2.338125e+11
-3.333333e-05 -3.333333e-05 2.133333e-05 1.726004e+11
-2.222222e-05 -3.333333e-05 2.133333e-05 1.627556e+11
-1.111111e-05 -3.333333e-05 2.133333e-05 3.234894e+11
0.000000e+00 -3.333333e-05 2.133333e-05 3.208703e+11
1.111111e-05 -3.333333e-05 2.133333e-05 3.230114e+11
2.222222e-05 -3.333333e-05 2.133333e-05 1.629767e+11
3.333333e-05 -3.333333e-05 2.133333e-05 1.726236e+11
4.444444e-05 -3.333333e-05 2.133333e-05 2.360701e+11
-4.444444e-05 -2.222222e-05 2.133333e-05 2.992558e+11
-3.333333e-05 -2.222222e-05 2.133333e-05 1.629638e+11
-2.222222e-05 -2.222222e-05 2.133333e-05 1.555052e+11
-1.111111e-05 -2.222222e-05 2.133333e-05 2.906122e+11
0.000000e+00 -2.222222e-05 2.133333e-05 5.034793e+11
1.111111e-05 -2.222222e-05 2.133333e-05 2.905045e+11
2.222222e-05 -2.222222e-05 2.133333e-05 1.555210e+11
3.333333e-05 -2.222222e-05 2.133333e-05 1.627678e+11
4.444444e-05 -2.222222e-05 2.133333e-05 2.929816e+11
-4.444444e-05 -1.111111e-05 2.133333e-05 1.621438e+11
-3.333333e-05 -1.111111e-05 2.133333e-05 3.229909e+11
-2.222222e-05 -1.111111e-05 2.133333e-05 2.904904e+11
-1.111111e-05 -1.111111e-05 2.133333e-05 4.437848e+11
0.000000e+00 -1.111111e-05 2.133333e-05 1.251170e+11
1.111111e-05 -1.111111e-05 2.133333e-05 4.437684e+11
2.222222e-05 -1.111111e-05 2.133333e-05 2.906948e+11
3.333333e-05 -1.111111e-05 2.133333e-05 3.236069e+11
4.444444e-05 -1.111111e-05 2.133333e-05 1.626795e+11
-4.444444e-05 0.000000e+00 2.133333e-05 6.449324e+10
-3.333333e-05 0.000000e+00 2.133333e-05 3.208830e+11
-2.222222e-05 0.000000e+00 2.133333e-05 5.038543e+11
-1.111111e-05 0.000000e+00 2.133333e-05 1.252847e+11
0.000000e+00 0.000000e+00 2.133333e-05 1.387145e+04
1.111111e-05 0.000000e+00 2.133333e-05 1.249919e+11
2.222222e-05 0.000000e+00 2.133333e-05 5.033671e+11
3.333333e-05 0.000000e+00 2.133333e-05 3.206603e+11
4.444444e-05 0.000000e+00 2.133333e-05 6.485845e+10
-4.444444e-05 1.111111e-05 2.133333e-05 1.623837e+11
-3.333333e-05 1.111111e-05 2.133333e-05 3.234662e+11
-2.222222e-05 1.111111e-05 2.133333e-05 2.905034e+11
-1.111111e-05 1.111111e-05 2.133333e-05 4.439398e+11
0.000000e+00 1.111111e-05 2.133333e-05 1.251770e+11
1.111111e-05 1.111111e-05 2.133333e-05 4.438067e+11
2.222222e-05 1.111111e-05 2.133333e-05 2.904386e+11
3.333333e-05 1.111111e-05 2.133333e-05 3.222826e+11
4.444444e-05 1.111111e-05 2.133333e-05 1.745360e+11
-4.444444e-05 2.222222e-05 2.133333e-05 2.928910e+11
-3.333333e-05 2.222222e-05 2.133333e-05 1.627375e+11
-2.222222e-05 2.222222e-05 2.133333e-05 1.554871e+11
-1.111111e-05 2.222222e-05 2.133333e-05 2.904325e+11
0.000000e+00 2.222222e-05 2.133333e-05 5.034961e+11
1.111111e-05 2.222222e-05 2.133333e-05 2.906167e+11
2.222222e-05 2.222222e-05 2.133333e-05 1.554018e+11
3.333333e-05 2.222222e-05 2.133333e-05 1.623710e+11
4.444444e-05 2.222222e-05 2.133333e-05 2.966357e+11
-4.444444e-05 3.333333e-05 2.133333e-05 2.358956e+11
-3.333333e-05 3.333333e-05 2.133333e-05 1.726031e+11
-2.222222e-05 3.333333e-05 2.133333e-05 1.629631e+11
-1.111111e-05 3.333333e-05 2.133333e-05 3.229880e+11
0.000000e+00 3.333333e-05 2.133333e-05 3.208875e+11
1.111111e-05 3.333333e-05 2.133333e-05 3.234419e+11
2.222222e-05 3.333333e-05 2.133333e-05 1.626115e+11
3.333333e-05 3.333333e-05 2.133333e-05 1.719221e+11
4.444444e-05 3.333333e-05 2.133333e-05 2.326121e+11
-4.444444e-05 4.444444e-05 2.133333e-05 4.590792e+10
-3.333333e-05 4.444444e-05 2.133333e-05 2.338241e+11
-2.222222e-05 4.444444e-05 2.133333e-05 2.992711e+11
-1.111111e-05 4.444444e-05 2.133333e-05 1.621574e+11
0.000000e+00 4.444444e-05 2.133333e-05 6.450185e+10
1.111111e-05 4.444444e-05 2.133333e-05 1.623676e+11
2.222222e-05 4.444444e-05 2.133333e-05 2.926802e+11
3.333333e-05 4.444444e-05 2.133333e-05 2.368098e+11
4.444444e-05 4.444444e-05 2.133333e-05 4.611866e+10
